Areal values from HadUK-Grid 1km gridded climate data from land surface network
Source: Met Office National Climate Information Centre
Monthly, seasonal and annual total precipitation amount for Wales
Areal series, starting in 1836
Last updated 03-Aug-2026 09:28
year    jan    feb    mar    apr    may    jun    jul    aug    sep    oct    nov    dec     win     spr     sum     aut     ann
1836  120.7   76.5  180.9   94.1    6.8  106.0  124.2   69.7  132.7  143.4  225.2  156.8     ---   281.7   299.8   501.3  1436.9
1837  125.2  143.9   47.4   57.0   50.4   69.3   74.6  119.2  106.3  156.6  155.6  121.6   425.9   154.8   263.1   418.4  1227.0
1838   36.3   83.7   71.8   87.7   99.6  147.5   84.2  138.2   42.8  155.9  210.6  101.6   241.6   259.1   369.9   409.3  1259.9
1839  105.9   93.8   93.3   62.7   34.2  144.4  216.4  127.1  205.6  146.9  194.1  118.1   301.2   190.2   487.9   546.6  1542.5
1840  159.3  102.4    7.7   31.0   89.1   91.7  119.6  122.3  117.1   81.0  237.7   26.5   379.8   127.8   333.7   435.9  1185.6
1841  116.9   78.7  119.6   79.7   98.7   87.4  116.2  171.2  189.7  184.2  187.7  208.1   222.1   298.0   374.8   561.6  1638.2
1842  117.0   69.3  148.9   12.2   86.4   87.9  100.8   50.4  109.1   78.0  269.5  113.7   394.4   247.5   239.1   456.6  1243.1
1843  118.6   62.9   48.6  133.7   99.5  111.0   88.5  114.1   26.6  254.5  162.0   39.9   295.2   281.7   313.6   443.1  1259.8
1844   88.0  119.3  108.8   35.8    4.1   35.7   81.6  126.3   86.8  148.6   98.9   25.5   247.3   148.8   243.5   334.3   959.5
1845  108.8   48.1   62.7   77.9   48.9   96.9  115.8  169.5  113.0   65.6  125.0  174.2   182.4   189.5   382.3   303.6  1206.5
1846  145.3   59.0  107.8  134.2   53.9   79.5  122.9  143.1   69.9  186.6   97.8   54.9   378.5   296.0   345.6   354.3  1255.0
1847  112.7   85.3   83.0   65.8   98.0   79.9   51.5   82.5  115.4  199.4  109.1  214.4   252.9   246.9   213.9   423.9  1297.0
1848   76.2  180.6  126.4  110.5   51.2  138.8  109.2  183.0  126.2  169.9   96.6  158.3   471.2   288.1   431.0   392.7  1526.9
1849  136.0   66.6   39.6  105.1   98.6   31.2  100.2  101.2  131.2  156.1  109.3  126.3   360.9   243.4   232.7   396.7  1201.5
1850   77.4   91.1   42.8  134.3   73.1   47.7   83.5  106.2   87.5   72.4  151.1  117.2   294.7   250.2   237.4   311.0  1084.3
1851  245.0   67.3  151.3   62.1   47.6  109.8  114.7   90.7   44.2  129.8   74.9   61.7   429.6   261.0   315.3   248.8  1199.1
1852  220.8  140.1   18.0   34.9   84.6  145.4   89.8  206.3  136.8  144.1  321.1  241.3   422.6   137.5   441.5   602.1  1783.4
1853  159.0   49.1   47.5   93.6   55.4  118.2  143.9  104.8   75.3  151.8  104.7   44.7   449.4   196.5   366.9   331.8  1148.1
1854  129.9   56.0   44.1   19.9   82.9   84.1  125.5   83.7   66.1  101.2   90.2  116.1   230.6   146.9   293.3   257.4   999.5
1855   15.1   47.5   84.2   23.8   70.3  127.0  139.6   84.5   44.5  186.6   38.0   80.8   178.7   178.3   351.1   269.1   941.9
1856  127.8  108.7   39.6  106.7   69.4   70.5   81.1  122.6  136.8  111.0   64.0  156.2   317.4   215.6   274.2   311.7  1194.3
1857  117.8   87.6  123.7  126.6   70.7   88.4  101.6  109.7   95.2  109.7   66.9   78.1   361.6   321.0   299.7   271.8  1176.0
1858   55.9   31.7   59.9  132.2   85.2   66.8   76.9   84.1  133.1  167.4   61.4  135.5   165.7   277.4   227.8   361.9  1090.1
1859   97.0   83.1  150.8  121.0   33.0   62.2   95.4  134.5  184.0  138.2  144.2  155.2   315.5   304.9   292.2   466.4  1398.6
1860  157.7   56.7  125.9   64.5  104.0  209.8   71.2  241.2   93.5  148.5   90.7  132.1   369.6   294.4   522.2   332.7  1495.9
1861   52.7  125.0  119.4   29.4   42.3   94.6  164.6  129.7  137.9   85.3  189.2  103.8   309.8   191.0   389.0   412.4  1273.9
1862  123.2   32.5  129.5  120.8  106.1  111.3  127.9   98.3  112.7  194.3   60.5  137.7   259.5   356.4   337.5   367.5  1354.8
1863  151.8   54.4   50.2   53.7   56.0  113.4   45.0  144.6  180.8  209.3  141.5   79.4   343.9   159.9   303.0   531.6  1280.0
1864   93.7   67.9   95.6   45.4   54.7   87.3   46.3   69.2  151.8   88.0  140.9   85.7   240.9   195.8   202.7   380.6  1026.4
1865  131.3  103.5   69.9   36.4  135.0   47.9   90.4  167.1   16.7  172.6  155.5   97.0   320.4   241.2   305.3   344.8  1223.1
1866  204.6  149.2  110.3   47.9   43.0  120.2   54.0  130.6  255.9   72.2  136.9  132.9   450.8   201.3   304.8   465.0  1457.8
1867  176.9  103.5  103.5  146.7   92.0   27.0  118.4   62.2  101.1  186.2   41.3  108.8   413.3   342.1   207.6   328.5  1267.4
1868  153.7   95.5  128.3   76.2   63.8   15.4   35.3  126.9   96.1  138.3   99.0  297.1   358.0   268.3   177.5   333.5  1325.5
1869  196.2  165.5   63.3   77.3  116.1   28.6   39.9   62.1  235.2  108.7  135.5  170.9   658.7   256.7   130.6   479.3  1399.2
1870  110.8  111.5   82.9   40.9   70.9   31.2   52.9   73.2   84.8  272.8  152.5   82.2   393.2   194.7   157.2   510.1  1166.5
1871  114.1  104.6   73.5  121.3   28.7   72.3  163.9   79.4  143.9  177.9   50.3  108.1   300.8   223.6   315.6   372.0  1238.0
1872  237.0  163.7  134.4   85.5   71.0  159.4  143.0  101.9  180.9  230.6  252.2  226.8   508.8   290.9   404.3   663.7  1986.4
1873  214.5   53.5  109.6   35.7   73.7   59.4  113.1  150.2  100.8  136.8   86.0   56.4   494.8   219.1   322.7   323.6  1189.7
1874  154.1  108.0   96.7   69.0   42.6   38.6   72.9  179.4  149.7  168.6  137.8  149.3   318.5   208.3   290.9   456.1  1366.8
1875  196.7   69.4   50.1   63.3   81.8  108.5  144.0  120.6  153.6  188.3  189.6   80.2   415.4   195.2   373.1   531.4  1446.1
1876   79.5  162.6  124.4   99.2   17.6   60.1   74.9  135.6  174.1  159.3  151.5  240.8   322.3   241.2   270.6   484.9  1479.5
1877  226.9  140.4  104.7  101.9  105.8   83.8  149.3  186.6  105.6  163.4  234.4  120.6   608.1   312.5   419.7   503.4  1723.5
1878  109.4   74.5   64.6   75.2  153.5  105.8   51.9  186.7  108.7  182.5  132.8   95.5   304.4   293.2   344.5   423.9  1341.0
1879   76.2  144.1   69.1   63.8   84.1  185.4  154.2  235.1  139.9   60.8   30.8   83.7   315.8   217.0   574.7   231.6  1327.3
1880   31.9  130.9   73.7   72.1   63.9  106.3  198.0   42.8  105.2  159.4  167.6  196.4   246.6   209.6   347.1   432.1  1348.1
1881   36.0  154.5  113.8   48.1   96.5  107.7   79.9  167.5   62.1  103.2  185.9  144.7   386.9   258.4   355.1   351.2  1299.9
1882  138.7  119.2  102.0  142.5   66.9  140.1  178.2  145.2  101.7  176.0  212.6  176.2   402.7   311.5   463.5   490.2  1699.4
1883  182.4  168.9   57.6   36.7   61.7  114.2  106.1   77.6  180.3  156.2  176.5   91.5   527.5   156.0   297.9   513.1  1409.7
1884  185.6  163.2  122.7   53.6   70.1   55.3  124.0   66.3  102.4   82.1   92.2  183.0   440.2   246.3   245.6   276.7  1300.3
1885  115.4  175.7   68.5   88.6   83.1   77.8   49.8   85.3  184.7  189.6  149.4   59.1   474.0   240.2   212.9   523.8  1327.1
1886  162.0   48.0  153.3   78.4  156.9   48.6  128.7   65.3  145.0  211.8  149.6  195.9   269.1   388.7   242.6   506.4  1543.6
1887  111.7   42.2   65.9   49.0   65.4   24.2   75.5   79.1  120.7   94.8  111.8  121.8   349.8   180.3   178.8   327.3   962.1
1888   59.5   33.1  106.7   64.7   51.3   99.3  195.4  136.3   38.8   89.2  223.3  150.9   214.4   222.7   431.0   351.3  1248.4
1889   60.2   83.9   91.7  122.7   94.0   17.2   96.8  134.0   76.7  149.2   76.1  106.3   295.1   308.4   248.1   301.9  1109.0
1890  203.2   34.1   82.6   48.6   79.1   90.5   95.1  129.2   62.2   95.3  213.2   41.7   343.7   210.3   314.8   370.7  1174.8
1891  112.3    8.1   60.4   85.9  100.1   95.7   83.2  207.0  131.0  257.0  133.0  243.0   162.1   246.5   386.0   520.9  1516.8
1892   96.4   75.2   41.1   43.4   74.7   77.6   81.4  135.3  125.5  154.9  109.5   81.3   414.5   159.2   294.3   389.9  1096.1
1893   77.3  164.5   29.8   13.5   67.2   62.6   96.6   97.4   91.2  143.6   98.1  168.9   323.0   110.5   256.6   332.8  1110.6
1894  147.8  141.2  104.6   65.3  108.0   70.3  119.9  124.7   45.7  175.4  179.6  127.9   457.9   277.9   314.8   400.7  1410.3
1895  134.4   10.0  129.6   85.6   18.6   32.5  146.4  122.7   38.5  148.1  179.9  117.4   272.3   233.7   301.6   366.5  1163.7
1896   56.1   37.6  156.2   39.0    7.8   66.0   92.9   89.2  217.1  163.1   45.1  207.2   211.1   203.0   248.2   425.2  1177.2
1897   63.6  116.4  165.4  115.4   47.2   88.6   60.7  161.6  144.7   65.9  134.8  211.6   387.2   328.1   310.9   345.3  1375.9
1898   92.7   97.0   45.0   83.8  124.9   80.6   34.6  153.1   59.9  182.0  116.1  171.2   401.4   253.6   268.3   358.0  1240.8
1899  226.3  125.5   62.0  133.5   90.5   57.8   62.3   51.3  105.6  117.6  108.2   96.9   523.1   286.0   171.4   331.4  1237.5
1900  150.4  156.7   34.6   60.9   81.7   95.1   59.1  165.5   61.3  179.1  145.6  201.9   404.1   177.2   319.6   386.1  1391.9
1901  101.5   49.9  122.0  110.1   32.8   84.7   68.8  124.4   84.5  116.2  103.5  188.3   353.2   264.9   277.9   304.2  1186.6
1902   84.7   48.6   85.8   65.0   92.1   88.2   65.0   96.5   70.1  126.4  117.5  128.8   321.6   242.9   249.7   313.9  1068.6
1903  179.3  123.8  215.9   66.0   96.7   54.5  105.9  194.7  161.2  326.4  112.6  120.1   431.9   378.6   355.1   600.2  1757.3
1904  164.7  154.5   70.8   88.0   75.8   55.2   81.4  118.3   82.2   73.8   92.2  123.6   439.3   234.6   255.0   248.2  1180.5
1905   65.9   60.8  172.6  116.2   29.9   82.0   64.2  169.7   69.2   93.3  141.5   47.6   250.3   318.7   315.9   303.9  1112.9
1906  205.1  120.6  105.1   39.9  120.5   67.1   40.8  134.4   38.7  212.4  116.7  125.3   373.2   265.5   242.3   367.8  1326.6
1907   77.3   70.2   67.6   95.0   96.0  147.3   92.9  128.9   28.5  226.3  106.8  155.3   272.8   258.6   369.1   361.6  1292.0
1908  101.0   92.0  133.2   83.4   91.3   60.1  130.9  146.0  115.6   71.5  104.0  141.1   348.2   307.8   337.0   291.1  1270.0
1909   78.4   32.6  120.5  110.3   48.5   75.2  115.6   69.7  115.1  229.9   64.0  208.3   252.1   279.3   260.5   409.0  1268.2
1910  141.5  169.0   52.8  107.1   72.1  128.2  119.6  183.5   14.7  123.1  178.5  224.3   518.8   232.1   431.3   316.3  1514.5
1911   53.5  111.0   71.2   78.6   54.9   97.0   22.6  113.6  107.1  124.7  185.0  266.9   388.8   204.7   233.1   416.9  1286.0
1912  128.3   95.0  212.9   14.9   49.0  157.9  128.2  248.1   31.7  159.2  127.2  191.0   490.2   276.9   534.2   318.1  1543.5
1913  182.3   68.6  189.2  171.6   94.1   87.4   35.3   66.1  109.7  142.6  177.4   87.1   441.9   454.9   188.8   429.7  1411.4
1914   96.9  157.5  178.2   44.9   77.3   63.7  144.4  111.5   73.4   69.7  158.4  262.5   341.4   300.4   319.6   301.5  1438.3
1915  152.0  204.8   43.6   63.2   76.1   47.9  138.0   94.4   42.9   97.4  108.1  271.7   619.3   182.9   280.4   248.4  1340.2
1916  109.3  167.1   81.5   86.3  107.7   79.5   59.3   97.1   96.3  261.9  132.1   99.0   548.1   275.5   235.8   490.3  1376.9
1917   59.6   45.9   90.3   74.4   94.7   79.8   75.2  275.2   82.8  206.6  115.0   53.1   204.4   259.4   430.3   404.3  1252.6
1918  133.3  130.0   71.8   57.2   82.7   55.2  136.4   78.0  279.1  129.7  109.9  223.8   316.3   211.7   269.5   518.7  1486.9
1919  156.3   88.1  187.0   80.4   34.8   73.6   49.4  106.8   90.3   80.6   90.0  235.0   468.2   302.2   229.8   260.8  1272.2
1920  182.7   98.8  182.7  195.2  120.6   98.5  198.4   81.5  121.1  120.6   78.4  138.8   516.5   498.5   378.5   320.0  1617.3
1921  188.4   11.3  141.7   41.0   61.9   11.8   70.0  164.2   56.0   80.7  100.1  139.3   338.5   244.6   246.0   236.8  1066.5
1922  154.1  169.1  116.0   94.5   42.3   53.4  152.1  112.6  116.8   40.6   70.4  183.7   462.5   252.8   318.1   227.7  1305.4
1923  112.9  261.0   57.4   94.8   98.6   35.0  103.8  140.9  134.1  230.8  147.8  141.2   557.6   250.8   279.7   512.8  1558.5
1924  143.9   25.4   57.0  107.8  146.9   88.3  160.2  167.5  189.0  164.6   96.5  220.0   310.5   311.7   416.0   450.1  1567.1
1925  127.5  219.7   44.0   89.8  136.1    2.4   86.0  134.6  123.6  179.1   94.8  130.3   567.2   269.8   222.9   397.5  1367.8
1926  178.6  117.4   38.9   69.4   84.5   70.6  128.6  131.3   73.7  119.5  250.5   32.8   426.3   192.8   330.5   443.7  1295.8
1927  160.9  108.4  141.0   67.1   52.9  142.9  131.5  223.3  173.0  133.5  156.4   79.0   302.1   261.1   497.8   462.9  1570.1
1928  266.8  156.0  108.1   49.3   29.8  161.5   83.5  142.5   51.6  224.3  238.1  136.3   501.8   187.2   387.5   514.0  1647.8
1929   58.5   40.0   26.6   30.1   99.5   80.7   94.8  114.7   53.5  204.2  333.8  301.9   234.9   156.1   290.2   591.5  1438.3
1930  228.7   18.9   94.9   95.0   66.1   54.4  133.8  153.6  152.1  209.9  175.3  189.5   549.4   256.0   341.8   537.2  1572.1
1931  134.9  136.3   33.1  110.7  124.8  128.9  125.8  146.1   91.4   60.4  267.5   89.1   460.8   268.6   400.8   419.3  1449.0
1932  202.0    3.3   87.2  123.2  136.2   49.6  142.9   48.9  132.8  234.9  110.5  101.9   294.5   346.7   241.4   478.2  1373.4
1933  128.8  130.0   97.9   41.1   54.0   86.0   86.5   47.0   46.3  185.1   43.4   47.1   360.7   193.0   219.4   274.8   993.2
1934  146.5   14.5  102.4   92.3   82.4   54.1   38.4  134.4  114.4  160.0   63.7  283.2   208.1   277.1   226.9   338.1  1286.3
1935   55.9  167.4   38.5  142.3   45.3  144.2   30.8   60.8  212.2  204.2  196.2  110.1   506.5   226.1   235.8   612.6  1407.9
1936  177.2   78.5   94.9   74.8   48.7  127.2  189.3   44.5  120.1   90.1  159.1  187.6   365.9   218.4   361.0   369.4  1392.1
1937  183.3  208.0   92.0  100.8   53.2   57.9   83.8   41.0   84.9  112.0   62.9  109.2   578.9   245.9   182.7   259.9  1189.0
1938  197.6   63.9   41.0    9.4   95.6  120.9  138.6  111.5   64.2  216.5  210.9  143.6   370.7   146.0   371.0   491.7  1413.7
1939  213.9  131.2   83.4   88.7   30.3   82.5  246.7   89.8   31.3   88.4  267.0  102.3   488.7   202.5   419.0   386.8  1455.6
1940  101.6  118.5  103.3   86.8   57.0   28.4  125.9   23.6   84.8  172.6  279.9  115.6   322.4   247.1   177.9   537.3  1298.0
1941  101.4  135.1  101.9   46.3   85.0   35.3   79.5  156.4   32.2  139.7  101.7  109.3   352.1   233.1   271.2   273.6  1123.7
1942  164.3   34.6   98.3   69.4  152.7   13.6  115.8  134.3  116.0  134.8   30.4  194.8   308.2   320.4   263.6   281.2  1258.9
1943  223.0  101.9   40.5   52.6  127.6  112.2   91.2  136.9  153.1  148.3  112.3   74.9   519.7   220.7   340.3   413.7  1374.5
1944  160.5   55.1   21.9   68.7   62.2   82.4   88.5   91.6  142.2  193.1  230.9  130.9   290.6   152.8   262.6   566.2  1328.1
1945  111.6  163.4   63.1   72.6  106.7  127.5   90.7   88.7  100.2  141.3   21.9  171.6   405.9   242.4   306.8   263.5  1259.4
1946  186.1  159.8   50.0   43.2   84.5  129.6   80.4  191.1  196.0   49.5  235.4  158.9   517.5   177.6   401.1   481.0  1564.5
1947  137.6   55.3  245.8  124.0   90.1   76.3   98.2   19.1   81.3   31.8  162.5  125.6   351.8   459.9   193.6   275.6  1247.7
1948  297.4   91.1   77.0   73.7   75.4  139.4   81.1  157.8  130.9  117.5  100.4  214.3   514.1   226.1   378.2   348.9  1556.1
1949   81.1   68.1   69.7  123.6  102.6   22.8   51.8   83.4   58.4  224.9  172.6  174.7   363.5   295.9   158.0   455.9  1233.7
1950   56.4  225.7   81.9  115.1   46.1   65.5  125.9  216.7  245.5  102.7  176.6  109.3   456.9   243.0   408.1   524.7  1567.3
1951  151.3  142.7  165.4  106.7   80.0   38.6   53.8  177.3  141.6   41.5  251.6  190.7   403.2   352.1   269.7   434.7  1541.1
1952  161.4   46.9   88.4   88.8   98.2   90.7   56.5  149.0  106.6  164.1  110.0  135.3   399.0   275.3   296.2   380.7  1295.9
1953   53.4   81.6   83.8  104.6   80.1   64.3  150.3  126.1  146.9   91.8  149.4   53.4   270.3   268.4   340.7   388.2  1185.7
1954  110.6  135.2  120.7   36.6   98.0  134.6  135.0  149.3  157.1  259.5  277.5  152.1   299.1   255.3   418.9   694.1  1766.1
1955  110.8   75.3   86.0   85.4  139.1  150.8   28.4   39.2   75.7   91.2   95.0  175.5   338.2   310.5   218.4   261.9  1152.5
1956  160.3   21.1   63.0   46.9   39.8   77.4  136.6  195.1  142.5   81.9   60.9  160.8   356.9   149.7   409.2   285.3  1186.4
1957  161.4  133.7  137.7   13.3   69.8   53.7  168.2  159.7  229.5  149.6   80.1  119.0   455.9   220.8   381.6   459.2  1475.7
1958  133.1  198.8   38.8   38.1  119.6  116.4  139.2  124.3  230.7  138.9   87.7  124.9   450.9   196.5   380.0   457.3  1490.5
1959  163.3   22.7  104.5  129.7   46.4   71.5  106.2   33.3   12.9  176.5  217.9  270.9   310.9   280.7   211.1   407.3  1355.9
1960  198.1  153.4   65.6   99.5   50.5   67.1  143.9  135.5  156.6  180.7  290.7  179.8   622.3   215.6   346.5   628.0  1721.3
1961  170.2  111.9   26.4  152.9   60.3   51.1   85.9  132.1  123.0  211.2  106.4  133.2   461.9   239.6   269.1   440.6  1364.5
1962  186.0   73.3   64.8  121.5   98.3   48.3   66.1  170.5  165.8   57.6   96.7  110.7   392.5   284.7   284.9   320.1  1259.6
1963   28.3   47.0  175.3  127.2   82.5  119.0   66.2  116.6   95.9   87.0  250.5   38.7   185.9   385.1   301.8   433.5  1234.3
1964   38.4   45.7   90.8   76.9   83.6   68.3  100.4   87.1   58.4  116.6  114.6  235.0   122.9   251.3   255.9   289.6  1115.9
1965  177.7   15.3  100.5   89.1   92.4  125.2  113.9   89.2  167.3   70.6  136.8  319.0   428.0   282.0   328.3   374.7  1497.1
1966   84.4  179.6   76.4  142.9  106.8  112.8   94.1  107.6   82.8  171.8  131.9  217.6   583.1   326.1   314.4   386.5  1508.8
1967  107.5  162.9   78.7   49.3  184.2   41.8  117.6  101.9  189.1  313.5  101.1  145.9   488.1   312.2   261.3   603.8  1593.5
1968  163.4   50.3  120.8   90.2  103.7  112.0  112.4   77.4  172.4  152.7   97.0  113.3   359.6   314.7   301.8   422.1  1365.7
1969  170.3   97.5   78.6   84.1  158.2   84.2   52.2  107.3   58.7   42.9  191.9  146.2   381.1   320.8   243.7   293.5  1272.0
1970  172.0  148.0  107.5  141.9   30.4   71.2  101.7  119.4  104.0  142.2  261.1   73.0   466.2   279.8   292.3   507.3  1472.4
1971  177.6   71.6   96.0   61.0   56.2  127.4   57.8  156.2   45.0  127.7  148.2   67.4   322.1   213.3   341.4   320.8  1192.1
1972  150.7  120.3  118.6  125.9  122.3  133.1   80.8   68.4   47.9   66.8  178.2  200.9   338.4   366.7   282.2   292.9  1413.8
1973   75.6   89.1   53.7   91.0  114.9   33.5  104.3  128.8  131.3   79.8  116.1  129.2   365.7   259.6   266.6   327.2  1147.4
1974  267.2  177.2   64.6   14.5   71.5   80.5  132.4   99.0  240.1  122.8  177.3  166.4   573.6   150.6   312.0   540.2  1613.7
1975  226.5   50.0   80.8  104.8   37.8   23.0  104.7   72.4  140.5   67.0  125.1   89.6   442.8   223.5   200.1   332.6  1122.2
1976  108.8   76.1   81.7   28.7   93.1   24.3   41.9   18.8  207.8  211.7  121.6  111.9   274.4   203.5    85.0   541.2  1126.3
1977  138.5  224.4  116.2   88.3   58.0  105.7   37.1  106.0   89.6  147.8  206.4  144.3   474.8   262.5   248.9   443.9  1462.5
1978  157.8  117.3  131.3   71.7   34.5   71.5  123.2   91.0   83.3   35.5  143.3  216.9   419.5   237.5   285.8   262.1  1277.4
1979  128.0   71.2  177.1   87.1  154.3   34.2   37.2  140.0   85.0  126.1  178.3  276.1   416.0   418.6   211.5   389.4  1494.8
1980  117.4  156.5  154.0   17.4   41.7  138.6   76.7  128.1  105.6  191.2  168.5  165.3   550.0   213.0   343.4   465.3  1461.0
1981   93.0   91.2  287.5   53.5  121.4   70.4   58.4   40.6  236.4  234.0  127.7  124.4   349.4   462.4   169.4   598.1  1538.5
1982  145.5  100.2  170.2   37.6   46.9  133.7   45.1  130.0  151.4  168.4  226.3  194.3   370.0   254.7   308.8   546.1  1549.6
1983  214.5   55.1  110.2  116.3  144.5   60.1   31.1   79.4  183.5  162.3   72.6  179.9   463.9   371.1   170.6   418.4  1409.6
1984  227.4   96.2   51.1   12.3   53.5   46.5   32.6   79.0  178.0  187.5  221.2  148.4   503.5   116.8   158.0   586.7  1333.6
1985   93.4   53.4  102.3  118.8   75.8  145.3  104.4  213.3   66.2  100.6  120.0  214.9   295.2   296.8   463.0   286.9  1408.4
1986  196.4    7.5  134.5  112.0  123.9   58.9   91.1  161.1   18.2  153.4  239.6  272.1   418.8   370.4   311.2   411.3  1568.8
1987   41.3  108.9  147.0   89.1   49.9  129.3   78.8   69.9  110.6  259.5  132.5  145.6   422.2   286.1   278.1   502.6  1362.5
1988  250.5  102.9  178.1   59.2  103.4   45.9  180.7  155.7  121.0  131.1   72.4   79.8   499.1   340.7   382.2   324.5  1480.8
1989   94.8  163.9  177.2  103.0   25.9   72.5   48.2   94.8   63.3  187.2  112.6  205.4   338.5   306.0   215.6   363.1  1348.8
1990  255.3  229.0   40.0   52.3   36.7  104.8   57.7   70.3   89.9  162.7  118.3  173.7   689.7   129.0   232.8   370.9  1390.7
1991  157.2  101.2  131.4  134.7   15.8  118.2  102.8   59.9   88.1  161.0  151.0   75.8   432.1   281.9   280.9   400.0  1297.0
1992   77.2   86.8  139.6  102.4   73.9   55.4   97.6  231.1  120.2  108.3  225.2  152.1   239.9   315.9   384.1   453.7  1469.9
1993  204.7   25.4   35.8  116.6  139.9   99.4  119.0   79.8  120.3   77.6  113.3  296.6   382.2   292.2   298.2   311.2  1428.3
1994  195.4  134.4  198.9  125.6   67.1   62.6   68.1   96.5  135.9  142.8  136.1  270.9   626.5   391.5   227.3   414.8  1634.4
1995  250.9  192.1   93.8   38.5   77.6   29.0   76.9   14.3  125.1  115.4  131.3  104.0   713.9   209.9   120.3   371.8  1249.0
1996  101.7  132.7   72.4   90.1  112.5   48.2   49.9  106.5   61.8  189.1  176.5   55.6   338.3   275.0   204.6   427.4  1196.9
1997   12.0  224.8   53.8   38.1  115.6  147.2   57.4  139.8   72.1   97.0  196.8  159.9   292.3   207.5   344.5   365.9  1314.5
1998  207.7   44.6  186.4  162.3   32.7  192.5   90.9   83.4  138.6  280.0  139.7  156.0   412.2   381.4   366.8   558.3  1714.9
1999  250.9  104.1  100.2  122.5   83.4   84.8   28.0  138.0  204.3  137.4  125.5  261.6   511.0   306.1   250.8   467.2  1640.7
2000  111.1  178.6   66.6  153.5   97.7   89.0   87.6  106.8  167.3  284.5  287.2  256.1   551.4   317.7   283.4   739.0  1885.9
2001  100.6  131.3  115.5  141.4   59.3   47.5  111.1  132.3   97.0  207.3  130.0   75.7   488.0   316.2   290.9   434.3  1349.0
2002  180.7  267.7   66.1   99.8  149.2   76.3   73.9   75.3   36.3  199.6  231.2  173.1   524.1   315.2   225.5   467.1  1629.2
2003  114.1   63.3   78.0   78.9  129.1   71.2  125.0   24.8   58.4   91.0  141.6  161.4   350.5   286.1   221.0   291.1  1137.0
2004  192.7  119.9   90.1   81.5   66.5   74.1   78.8  157.1  145.1  257.0   90.5  132.9   474.0   238.1   310.0   492.6  1486.2
2005  124.0   78.3   74.8  114.7   63.0   74.6   87.6   69.7  101.7  216.7  185.4  113.3   335.2   252.6   231.8   503.8  1303.8
2006   65.5   79.9  173.8   68.5  164.9   35.4   51.7  103.0   83.2  188.0  198.0  258.5   258.7   407.2   190.2   469.2  1470.6
2007  203.3  145.3  104.1   24.9  129.7  168.1  204.3   75.5   92.0   61.3   93.3  184.1   607.1   258.7   448.0   246.5  1485.9
2008  246.2   80.3  147.3   90.2   60.9   94.2  150.5  189.7  154.6  228.7  127.9   94.9   510.5   298.3   434.4   511.3  1665.4
2009  168.4   32.8   68.0   76.9   93.1   74.7  226.4  101.8   53.1  128.9  318.7  154.0   296.0   238.0   403.0   500.7  1496.8
2010  100.3   60.9   99.6   43.6   53.4   42.2  158.6  105.5  152.5  119.0  140.7   52.7   315.1   196.5   306.3   412.2  1128.9
2011  149.3  130.6   30.9   30.8   93.9  110.0   95.1   83.4  129.2  126.8   97.6  211.1   332.7   155.5   288.5   353.6  1288.6
2012  129.9   64.3   31.4  169.2   77.0  218.6  132.7  156.8  130.8  148.8  178.0  264.9   405.2   277.7   508.1   457.5  1702.4
2013  140.3   76.2   88.1   54.0  113.3   62.4   62.6  108.6   74.2  224.9  113.7  224.8   481.4   255.4   233.6   412.7  1343.1
2014  257.9  241.6   80.5   78.9  129.6   57.5   57.1  143.3   16.4  177.3  151.3  159.6   724.3   289.0   258.0   344.9  1551.0
2015  187.7   87.8   97.4   35.1  134.9   59.6  113.9  128.9   71.7   71.5  245.9  334.1   435.1   267.4   302.5   389.1  1568.6
2016  243.8  147.5  104.4   87.9   85.2  131.4   86.3  103.7  135.3   45.0  118.1   82.4   725.4   277.6   321.4   298.4  1371.0
2017   83.3  119.1  155.1   25.5   71.4  130.8  121.1  111.3  171.5  109.3  145.9  171.3   284.7   251.9   363.1   426.7  1415.4
2018  170.1   78.1  140.9  115.1   60.4   20.4   62.6   99.2  134.6  132.0  164.4  189.5   419.5   316.4   182.2   430.9  1367.2
2019   81.6   87.6  176.9   98.1   47.2  146.7   58.8  144.0  193.4  208.0  177.6  184.6   358.7   322.2   349.5   579.1  1604.6
2020  146.1  295.3  103.0   40.7   14.5  140.9  121.3  184.4   80.8  219.8  137.0  262.9   626.1   158.2   446.6   437.6  1746.7
2021  213.3  159.6   98.4   17.1  213.9   32.7   82.4   77.6  122.4  215.2   73.3  191.8   635.7   329.3   192.7   410.9  1497.5
2022   70.7  205.7   52.7   47.3   63.6   75.9   53.2   42.9  121.9  180.5  210.1  169.0   468.2   163.5   172.0   512.5  1293.4
2023  198.2   26.9  210.5   83.8   35.9   49.5  179.8  121.7  161.0  216.4  175.4  266.3   394.0   330.2   351.0   552.8  1725.3
2024  167.0  215.4  161.6  138.7   96.7   49.6   92.7  103.4  161.1  131.1  138.4  191.5   648.6   397.0   245.7   430.6  1647.3
2025  150.1   92.4   24.3   72.1   51.2  114.7   59.9   69.9  197.7  145.9  261.4  206.8   434.0   147.6   244.5   605.0  1446.3
2026  175.6  162.6   95.1   55.5   69.9   97.8    9.3                                      545.0   220.5                        
